,model,rank,alpha,root,topK,R-Precision,NDCG
0,PmiPLRec,50,1,0.7,5,0.08823529411764706,0.207168681669029
1,PmiPLRec,50,1,0.7,10,0.11764705882352941,0.24066500287883033
2,PmiPLRec,50,1,0.7,15,0.11764705882352941,0.24066500287883033
3,PmiPLRec,50,1,0.7,20,0.11764705882352941,0.24066500287883033
4,PmiPLRec,50,1,0.8,5,0.08823529411764706,0.2027648783648796
5,PmiPLRec,50,1,0.8,10,0.11764705882352941,0.2362611995746809
6,PmiPLRec,50,1,0.8,15,0.11764705882352941,0.2362611995746809
7,PmiPLRec,50,1,0.8,20,0.11764705882352941,0.2362611995746809
8,PmiPLRec,50,1,0.9,5,0.058823529411764705,0.1638904406887549
9,PmiPLRec,50,1,0.9,10,0.11764705882352941,0.23318165296838658
10,PmiPLRec,50,1,0.9,15,0.11764705882352941,0.23318165296838658
11,PmiPLRec,50,1,0.9,20,0.11764705882352941,0.23318165296838658
12,PmiPLRec,50,1,1.0,5,0.058823529411764705,0.1638904406887549
13,PmiPLRec,50,1,1.0,10,0.11764705882352941,0.23318165296838658
14,PmiPLRec,50,1,1.0,15,0.11764705882352941,0.23318165296838658
15,PmiPLRec,50,1,1.0,20,0.11764705882352941,0.23318165296838658
16,PmiPLRec,50,1,1.1,5,0.08823529411764706,0.2027648783648796
17,PmiPLRec,50,1,1.1,10,0.11764705882352941,0.23446561689455508
18,PmiPLRec,50,1,1.1,15,0.11764705882352941,0.23446561689455508
19,PmiPLRec,50,1,1.1,20,0.11764705882352941,0.23446561689455508
20,PmiPLRec,50,1,1.2,5,0.08823529411764706,0.207168681669029
21,PmiPLRec,50,1,1.2,10,0.11764705882352941,0.23741887395466643
22,PmiPLRec,50,1,1.2,15,0.11764705882352941,0.23741887395466643
23,PmiPLRec,50,1,1.2,20,0.11764705882352941,0.23741887395466643
24,PmiPLRec,50,1,1.3,5,0.08823529411764706,0.15692419985432704
25,PmiPLRec,50,1,1.3,10,0.08823529411764706,0.15692419985432704
26,PmiPLRec,50,1,1.3,15,0.11764705882352941,0.18264515650009464
27,PmiPLRec,50,1,1.3,20,0.11764705882352941,0.18264515650009464
28,PmiPLRec,100,1,0.7,5,0.029411764705882353,0.06340147705935098
29,PmiPLRec,100,1,0.7,10,0.08823529411764706,0.13089710665885682
30,PmiPLRec,100,1,0.7,15,0.08823529411764706,0.13089710665885682
31,PmiPLRec,100,1,0.7,20,0.08823529411764706,0.13089710665885682
32,PmiPLRec,100,1,0.8,5,0.058823529411764705,0.08911891949082663
33,PmiPLRec,100,1,0.8,10,0.08823529411764706,0.12081965802050214
34,PmiPLRec,100,1,0.8,15,0.08823529411764706,0.12081965802050214
35,PmiPLRec,100,1,0.8,20,0.08823529411764706,0.12081965802050214
36,PmiPLRec,100,1,0.9,5,0.058823529411764705,0.10227591473547565
37,PmiPLRec,100,1,0.9,10,0.11764705882352941,0.1660224282309144
38,PmiPLRec,100,1,0.9,15,0.11764705882352941,0.1660224282309144
39,PmiPLRec,100,1,0.9,20,0.11764705882352941,0.1660224282309144
40,PmiPLRec,100,1,1.0,5,0.058823529411764705,0.143767204609678
41,PmiPLRec,100,1,1.0,10,0.11764705882352941,0.20896426434915483
42,PmiPLRec,100,1,1.0,15,0.11764705882352941,0.20896426434915483
43,PmiPLRec,100,1,1.0,20,0.11764705882352941,0.20896426434915483
44,PmiPLRec,100,1,1.1,5,0.08823529411764706,0.18264164228580268
45,PmiPLRec,100,1,1.1,10,0.11764705882352941,0.21434238081547816
46,PmiPLRec,100,1,1.1,15,0.11764705882352941,0.21434238081547816
47,PmiPLRec,100,1,1.1,20,0.11764705882352941,0.21434238081547816
48,PmiPLRec,100,1,1.2,5,0.058823529411764705,0.143767204609678
49,PmiPLRec,100,1,1.2,10,0.11764705882352941,0.21305841688930965
50,PmiPLRec,100,1,1.2,15,0.11764705882352941,0.21305841688930965
51,PmiPLRec,100,1,1.2,20,0.11764705882352941,0.21305841688930965
52,PmiPLRec,100,1,1.3,5,0.08823529411764706,0.18960788312023058
53,PmiPLRec,100,1,1.3,10,0.11764705882352941,0.22540277419006088
54,PmiPLRec,100,1,1.3,15,0.11764705882352941,0.22540277419006088
55,PmiPLRec,100,1,1.3,20,0.11764705882352941,0.22540277419006088
56,PLRec,50,1,1.0,5,0.058823529411764705,0.1638904406887549
57,PLRec,50,1,1.0,10,0.11764705882352941,0.23138607028826075
58,PLRec,50,1,1.0,15,0.11764705882352941,0.23138607028826075
59,PLRec,50,1,1.0,20,0.11764705882352941,0.23138607028826075
60,PLRec,100,1,1.0,5,0.0,0.0
61,PLRec,100,1,1.0,10,0.058823529411764705,0.06929121227963164
62,PLRec,100,1,1.0,15,0.058823529411764705,0.06929121227963164
63,PLRec,100,1,1.0,20,0.058823529411764705,0.06929121227963164
64,PureSVD,50,1,1.0,5,0.058823529411764705,0.1393634013055286
65,PureSVD,50,1,1.0,10,0.08823529411764706,0.16961359359116604
66,PureSVD,50,1,1.0,15,0.11764705882352941,0.19676954566269023
67,PureSVD,50,1,1.0,20,0.11764705882352941,0.19676954566269023
68,PureSVD,100,1,1.0,5,0.058823529411764705,0.10227591473547565
69,PureSVD,100,1,1.0,10,0.058823529411764705,0.10227591473547565
70,PureSVD,100,1,1.0,15,0.058823529411764705,0.10227591473547565
71,PureSVD,100,1,1.0,20,0.058823529411764705,0.10227591473547565
72,WPLRec,50,0,1.0,5,0.058823529411764705,0.1638904406887549
73,WPLRec,50,0,1.0,10,0.11764705882352941,0.23138607028826075
74,WPLRec,50,0,1.0,15,0.11764705882352941,0.23138607028826075
75,WPLRec,50,0,1.0,20,0.11764705882352941,0.23138607028826075
76,WPLRec,50,1,1.0,5,0.058823529411764705,0.1393634013055286
77,WPLRec,50,1,1.0,10,0.11764705882352941,0.20131433212084154
78,WPLRec,50,1,1.0,15,0.11764705882352941,0.20131433212084154
79,WPLRec,50,1,1.0,20,0.11764705882352941,0.20131433212084154
80,WPLRec,50,10,1.0,5,0.029411764705882353,0.043278240980274066
81,WPLRec,50,10,1.0,10,0.029411764705882353,0.043278240980274066
82,WPLRec,50,10,1.0,15,0.058823529411764705,0.06967162055390648
83,WPLRec,50,10,1.0,20,0.08823529411764706,0.09332761828724409
84,WPLRec,50,100,1.0,5,0.0,0.0
85,WPLRec,50,100,1.0,10,0.029411764705882353,0.03349632120980131
86,WPLRec,50,100,1.0,15,0.029411764705882353,0.03349632120980131
87,WPLRec,50,100,1.0,20,0.029411764705882353,0.03349632120980131
88,WPLRec,100,0,1.0,5,0.0,0.0
89,WPLRec,100,0,1.0,10,0.058823529411764705,0.06929121227963164
90,WPLRec,100,0,1.0,15,0.058823529411764705,0.06929121227963164
91,WPLRec,100,0,1.0,20,0.058823529411764705,0.06929121227963164
92,WPLRec,100,1,1.0,5,0.029411764705882353,0.03887443767612467
93,WPLRec,100,1,1.0,10,0.058823529411764705,0.07057517620580016
94,WPLRec,100,1,1.0,15,0.058823529411764705,0.07057517620580016
95,WPLRec,100,1,1.0,20,0.058823529411764705,0.07057517620580016
96,WPLRec,100,10,1.0,5,0.0,0.0
97,WPLRec,100,10,1.0,10,0.0,0.0
98,WPLRec,100,10,1.0,15,0.029411764705882353,0.02572095664576762
99,WPLRec,100,10,1.0,20,0.058823529411764705,0.049376954379105234
100,WPLRec,100,100,1.0,5,0.0,0.0
101,WPLRec,100,100,1.0,10,0.0,0.0
102,WPLRec,100,100,1.0,15,0.0,0.0
103,WPLRec,100,100,1.0,20,0.029411764705882353,0.02325095684684751
104,PmiWPLRec,50,0,0.7,5,0.08823529411764706,0.207168681669029
105,PmiWPLRec,50,0,0.7,10,0.11764705882352941,0.24066500287883033
106,PmiWPLRec,50,0,0.7,15,0.11764705882352941,0.24066500287883033
107,PmiWPLRec,50,0,0.7,20,0.11764705882352941,0.24066500287883033
108,PmiWPLRec,50,0,0.8,5,0.08823529411764706,0.2027648783648796
109,PmiWPLRec,50,0,0.8,10,0.11764705882352941,0.2362611995746809
110,PmiWPLRec,50,0,0.8,15,0.11764705882352941,0.2362611995746809
111,PmiWPLRec,50,0,0.8,20,0.11764705882352941,0.2362611995746809
112,PmiWPLRec,50,0,0.9,5,0.058823529411764705,0.1638904406887549
113,PmiWPLRec,50,0,0.9,10,0.11764705882352941,0.23318165296838658
114,PmiWPLRec,50,0,0.9,15,0.11764705882352941,0.23318165296838658
115,PmiWPLRec,50,0,0.9,20,0.11764705882352941,0.23318165296838658
116,PmiWPLRec,50,0,1.0,5,0.058823529411764705,0.1638904406887549
117,PmiWPLRec,50,0,1.0,10,0.11764705882352941,0.23318165296838658
118,PmiWPLRec,50,0,1.0,15,0.11764705882352941,0.23318165296838658
119,PmiWPLRec,50,0,1.0,20,0.11764705882352941,0.23318165296838658
120,PmiWPLRec,50,0,1.1,5,0.08823529411764706,0.2027648783648796
121,PmiWPLRec,50,0,1.1,10,0.11764705882352941,0.23446561689455508
122,PmiWPLRec,50,0,1.1,15,0.11764705882352941,0.23446561689455508
123,PmiWPLRec,50,0,1.1,20,0.11764705882352941,0.23446561689455508
124,PmiWPLRec,50,0,1.2,5,0.08823529411764706,0.207168681669029
125,PmiWPLRec,50,0,1.2,10,0.11764705882352941,0.23741887395466643
126,PmiWPLRec,50,0,1.2,15,0.11764705882352941,0.23741887395466643
127,PmiWPLRec,50,0,1.2,20,0.11764705882352941,0.23741887395466643
128,PmiWPLRec,50,0,1.3,5,0.08823529411764706,0.15692419985432704
129,PmiWPLRec,50,0,1.3,10,0.08823529411764706,0.15692419985432704
130,PmiWPLRec,50,0,1.3,15,0.11764705882352941,0.18264515650009464
131,PmiWPLRec,50,0,1.3,20,0.11764705882352941,0.18264515650009464
132,PmiWPLRec,50,1,0.7,5,0.058823529411764705,0.1507334454441059
133,PmiWPLRec,50,1,0.7,10,0.11764705882352941,0.22002465772373753
134,PmiWPLRec,50,1,0.7,15,0.11764705882352941,0.22002465772373753
135,PmiWPLRec,50,1,0.7,20,0.11764705882352941,0.22002465772373753
136,PmiWPLRec,50,1,0.8,5,0.058823529411764705,0.1507334454441059
137,PmiWPLRec,50,1,0.8,10,0.11764705882352941,0.22002465772373753
138,PmiWPLRec,50,1,0.8,15,0.11764705882352941,0.22002465772373753
139,PmiWPLRec,50,1,0.8,20,0.11764705882352941,0.22002465772373753
140,PmiWPLRec,50,1,0.9,5,0.058823529411764705,0.1507334454441059
141,PmiWPLRec,50,1,0.9,10,0.11764705882352941,0.22002465772373753
142,PmiWPLRec,50,1,0.9,15,0.11764705882352941,0.22002465772373753
143,PmiWPLRec,50,1,0.9,20,0.11764705882352941,0.22002465772373753
144,PmiWPLRec,50,1,1.0,5,0.058823529411764705,0.1638904406887549
145,PmiWPLRec,50,1,1.0,10,0.11764705882352941,0.23318165296838658
146,PmiWPLRec,50,1,1.0,15,0.11764705882352941,0.23318165296838658
147,PmiWPLRec,50,1,1.0,20,0.11764705882352941,0.23318165296838658
148,PmiWPLRec,50,1,1.1,5,0.058823529411764705,0.1638904406887549
149,PmiWPLRec,50,1,1.1,10,0.11764705882352941,0.23138607028826075
150,PmiWPLRec,50,1,1.1,15,0.11764705882352941,0.23138607028826075
151,PmiWPLRec,50,1,1.1,20,0.11764705882352941,0.23138607028826075
152,PmiWPLRec,50,1,1.2,5,0.08823529411764706,0.18264164228580268
153,PmiWPLRec,50,1,1.2,10,0.11764705882352941,0.2128918345714401
154,PmiWPLRec,50,1,1.2,15,0.11764705882352941,0.2128918345714401
155,PmiWPLRec,50,1,1.2,20,0.11764705882352941,0.2128918345714401
156,PmiWPLRec,50,1,1.3,5,0.058823529411764705,0.09352272279497605
157,PmiWPLRec,50,1,1.3,10,0.08823529411764706,0.12931761386480636
158,PmiWPLRec,50,1,1.3,15,0.08823529411764706,0.12931761386480636
159,PmiWPLRec,50,1,1.3,20,0.11764705882352941,0.15256857071165386
160,PmiWPLRec,50,10,0.7,5,0.029411764705882353,0.043278240980274066
161,PmiWPLRec,50,10,0.7,10,0.058823529411764705,0.07497897950994956
162,PmiWPLRec,50,10,0.7,15,0.08823529411764706,0.10137235908358196
163,PmiWPLRec,50,10,0.7,20,0.11764705882352941,0.12425070642438742
164,PmiWPLRec,50,10,0.8,5,0.029411764705882353,0.043278240980274066
165,PmiWPLRec,50,10,0.8,10,0.058823529411764705,0.07232606579867228
166,PmiWPLRec,50,10,0.8,15,0.08823529411764706,0.09804702244443989
167,PmiWPLRec,50,10,0.8,20,0.11764705882352941,0.12092536978524536
168,PmiWPLRec,50,10,0.9,5,0.029411764705882353,0.043278240980274066
169,PmiWPLRec,50,10,0.9,10,0.058823529411764705,0.0735284332659115
170,PmiWPLRec,50,10,0.9,15,0.08823529411764706,0.09924938991167913
171,PmiWPLRec,50,10,0.9,20,0.11764705882352941,0.12383406934051149
172,PmiWPLRec,50,10,1.0,5,0.029411764705882353,0.043278240980274066
173,PmiWPLRec,50,10,1.0,10,0.058823529411764705,0.07497897950994956
174,PmiWPLRec,50,10,1.0,15,0.11764705882352941,0.12725717248882473
175,PmiWPLRec,50,10,1.0,20,0.11764705882352941,0.12725717248882473
176,PmiWPLRec,50,10,1.1,5,0.029411764705882353,0.03887443767612467
177,PmiWPLRec,50,10,1.1,10,0.08823529411764706,0.0981724547801603
178,PmiWPLRec,50,10,1.1,15,0.08823529411764706,0.0981724547801603
179,PmiWPLRec,50,10,1.1,20,0.11764705882352941,0.1222709610110029
180,PmiWPLRec,50,10,1.2,5,0.0,0.0
181,PmiWPLRec,50,10,1.2,10,0.058823529411764705,0.06604508335546776
182,PmiWPLRec,50,10,1.2,15,0.08823529411764706,0.09116732426281875
183,PmiWPLRec,50,10,1.2,20,0.11764705882352941,0.11575200369165112
184,PmiWPLRec,50,10,1.3,5,0.0,0.0
185,PmiWPLRec,50,10,1.3,10,0.0,0.0
186,PmiWPLRec,50,10,1.3,15,0.029411764705882353,0.02803068752021519
187,PmiWPLRec,50,10,1.3,20,0.029411764705882353,0.02803068752021519
188,PmiWPLRec,50,100,0.7,5,0.0,0.0
189,PmiWPLRec,50,100,0.7,10,0.0,0.0
190,PmiWPLRec,50,100,0.7,15,0.029411764705882353,0.02572095664576762
191,PmiWPLRec,50,100,0.7,20,0.029411764705882353,0.02572095664576762
192,PmiWPLRec,50,100,0.8,5,0.0,0.0
193,PmiWPLRec,50,100,0.8,10,0.0,0.0
194,PmiWPLRec,50,100,0.8,15,0.029411764705882353,0.025122240907350983
195,PmiWPLRec,50,100,0.8,20,0.058823529411764705,0.04800058824815644
196,PmiWPLRec,50,100,0.9,5,0.0,0.0
197,PmiWPLRec,50,100,0.9,10,0.0,0.0
198,PmiWPLRec,50,100,0.9,15,0.0,0.0
199,PmiWPLRec,50,100,0.9,20,0.058823529411764705,0.04690695458018512
200,PmiWPLRec,50,100,1.0,5,0.0,0.0
201,PmiWPLRec,50,100,1.0,10,0.0,0.0
202,PmiWPLRec,50,100,1.0,15,0.029411764705882353,0.0263933795736324
203,PmiWPLRec,50,100,1.0,20,0.058823529411764705,0.05004937730697002
204,PmiWPLRec,50,100,1.1,5,0.0,0.0
205,PmiWPLRec,50,100,1.1,10,0.029411764705882353,0.029047824818398203
206,PmiWPLRec,50,100,1.1,15,0.029411764705882353,0.029047824818398203
207,PmiWPLRec,50,100,1.1,20,0.029411764705882353,0.029047824818398203
208,PmiWPLRec,50,100,1.2,5,0.0,0.0
209,PmiWPLRec,50,100,1.2,10,0.0,0.0
210,PmiWPLRec,50,100,1.2,15,0.029411764705882353,0.02715595207152418
211,PmiWPLRec,50,100,1.2,20,0.029411764705882353,0.02715595207152418
212,PmiWPLRec,50,100,1.3,5,0.0,0.0
213,PmiWPLRec,50,100,1.3,10,0.0,0.0
214,PmiWPLRec,50,100,1.3,15,0.029411764705882353,0.02803068752021519
215,PmiWPLRec,50,100,1.3,20,0.029411764705882353,0.02803068752021519
216,PmiWPLRec,100,0,0.7,5,0.029411764705882353,0.06340147705935098
217,PmiWPLRec,100,0,0.7,10,0.08823529411764706,0.13089710665885682
218,PmiWPLRec,100,0,0.7,15,0.08823529411764706,0.13089710665885682
219,PmiWPLRec,100,0,0.7,20,0.08823529411764706,0.13089710665885682
220,PmiWPLRec,100,0,0.8,5,0.058823529411764705,0.08911891949082663
221,PmiWPLRec,100,0,0.8,10,0.08823529411764706,0.12081965802050214
222,PmiWPLRec,100,0,0.8,15,0.08823529411764706,0.12081965802050214
223,PmiWPLRec,100,0,0.8,20,0.08823529411764706,0.12081965802050214
224,PmiWPLRec,100,0,0.9,5,0.058823529411764705,0.10227591473547565
225,PmiWPLRec,100,0,0.9,10,0.11764705882352941,0.1660224282309144
226,PmiWPLRec,100,0,0.9,15,0.11764705882352941,0.1660224282309144
227,PmiWPLRec,100,0,0.9,20,0.11764705882352941,0.1660224282309144
228,PmiWPLRec,100,0,1.0,5,0.058823529411764705,0.143767204609678
229,PmiWPLRec,100,0,1.0,10,0.11764705882352941,0.20896426434915483
230,PmiWPLRec,100,0,1.0,15,0.11764705882352941,0.20896426434915483
231,PmiWPLRec,100,0,1.0,20,0.11764705882352941,0.20896426434915483
232,PmiWPLRec,100,0,1.1,5,0.08823529411764706,0.18264164228580268
233,PmiWPLRec,100,0,1.1,10,0.11764705882352941,0.21434238081547816
234,PmiWPLRec,100,0,1.1,15,0.11764705882352941,0.21434238081547816
235,PmiWPLRec,100,0,1.1,20,0.11764705882352941,0.21434238081547816
236,PmiWPLRec,100,0,1.2,5,0.058823529411764705,0.143767204609678
237,PmiWPLRec,100,0,1.2,10,0.11764705882352941,0.21305841688930965
238,PmiWPLRec,100,0,1.2,15,0.11764705882352941,0.21305841688930965
239,PmiWPLRec,100,0,1.2,20,0.11764705882352941,0.21305841688930965
240,PmiWPLRec,100,0,1.3,5,0.08823529411764706,0.18960788312023058
241,PmiWPLRec,100,0,1.3,10,0.11764705882352941,0.22540277419006088
242,PmiWPLRec,100,0,1.3,15,0.11764705882352941,0.22540277419006088
243,PmiWPLRec,100,0,1.3,20,0.11764705882352941,0.22540277419006088
244,PmiWPLRec,100,1,0.7,5,0.029411764705882353,0.043278240980274066
245,PmiWPLRec,100,1,0.7,10,0.08823529411764706,0.10582238700847359
246,PmiWPLRec,100,1,0.7,15,0.08823529411764706,0.10582238700847359
247,PmiWPLRec,100,1,0.7,20,0.08823529411764706,0.10582238700847359
248,PmiWPLRec,100,1,0.8,5,0.029411764705882353,0.03887443767612467
249,PmiWPLRec,100,1,0.8,10,0.058823529411764705,0.07466932874595499
250,PmiWPLRec,100,1,0.8,15,0.08823529411764706,0.10270001626617017
251,PmiWPLRec,100,1,0.8,20,0.08823529411764706,0.10270001626617017
252,PmiWPLRec,100,1,0.9,5,0.029411764705882353,0.050244481814701966
253,PmiWPLRec,100,1,0.9,10,0.11764705882352941,0.1485835189127318
254,PmiWPLRec,100,1,0.9,15,0.11764705882352941,0.1485835189127318
255,PmiWPLRec,100,1,0.9,20,0.11764705882352941,0.1485835189127318
256,PmiWPLRec,100,1,1.0,5,0.029411764705882353,0.06340147705935098
257,PmiWPLRec,100,1,1.0,10,0.11764705882352941,0.16174051415738083
258,PmiWPLRec,100,1,1.0,15,0.11764705882352941,0.16174051415738083
259,PmiWPLRec,100,1,1.0,20,0.11764705882352941,0.1617405141573808
260,PmiWPLRec,100,1,1.1,5,0.08823529411764706,0.18960788312023058
261,PmiWPLRec,100,1,1.1,10,0.11764705882352941,0.22130862164990608
262,PmiWPLRec,100,1,1.1,15,0.11764705882352941,0.22130862164990608
263,PmiWPLRec,100,1,1.1,20,0.11764705882352941,0.22130862164990608
264,PmiWPLRec,100,1,1.2,5,0.058823529411764705,0.08911891949082663
265,PmiWPLRec,100,1,1.2,10,0.11764705882352941,0.15431597923030343
266,PmiWPLRec,100,1,1.2,15,0.11764705882352941,0.15431597923030343
267,PmiWPLRec,100,1,1.2,20,0.11764705882352941,0.15431597923030343
268,PmiWPLRec,100,1,1.3,5,0.08823529411764706,0.14555415571574973
269,PmiWPLRec,100,1,1.3,10,0.11764705882352941,0.18134904678558003
270,PmiWPLRec,100,1,1.3,15,0.11764705882352941,0.18134904678558003
271,PmiWPLRec,100,1,1.3,20,0.11764705882352941,0.18134904678558003
272,PmiWPLRec,100,10,0.7,5,0.0,0.0
273,PmiWPLRec,100,10,0.7,10,0.029411764705882353,0.035794891069830324
274,PmiWPLRec,100,10,0.7,15,0.029411764705882353,0.035794891069830324
275,PmiWPLRec,100,10,0.7,20,0.058823529411764705,0.059450888803167935
276,PmiWPLRec,100,10,0.8,5,0.0,0.0
277,PmiWPLRec,100,10,0.8,10,0.029411764705882353,0.035794891069830324
278,PmiWPLRec,100,10,0.8,15,0.029411764705882353,0.035794891069830324
279,PmiWPLRec,100,10,0.8,20,0.058823529411764705,0.0603795704986627
280,PmiWPLRec,100,10,0.9,5,0.0,0.0
281,PmiWPLRec,100,10,0.9,10,0.029411764705882353,0.03349632120980131
282,PmiWPLRec,100,10,0.9,15,0.058823529411764705,0.06152700873001649
283,PmiWPLRec,100,10,0.9,20,0.11764705882352941,0.10887647180770661
284,PmiWPLRec,100,10,1.0,5,0.029411764705882353,0.03887443767612467
285,PmiWPLRec,100,10,1.0,10,0.058823529411764705,0.06912462996176211
286,PmiWPLRec,100,10,1.0,15,0.08823529411764706,0.09424687086911308
287,PmiWPLRec,100,10,1.0,20,0.11764705882352941,0.1179028686024507
288,PmiWPLRec,100,10,1.1,5,0.029411764705882353,0.03887443767612467
289,PmiWPLRec,100,10,1.1,10,0.058823529411764705,0.07466932874595499
290,PmiWPLRec,100,10,1.1,15,0.08823529411764706,0.10182528081747917
291,PmiWPLRec,100,10,1.1,20,0.11764705882352941,0.12640996024631154
292,PmiWPLRec,100,10,1.2,5,0.0,0.0
293,PmiWPLRec,100,10,1.2,10,0.029411764705882353,0.03170073852967549
294,PmiWPLRec,100,10,1.2,15,0.058823529411764705,0.05885669060119966
295,PmiWPLRec,100,10,1.2,20,0.08823529411764706,0.08295519683204228
296,PmiWPLRec,100,10,1.3,5,0.0,0.0
297,PmiWPLRec,100,10,1.3,10,0.029411764705882353,0.030250192285637433
298,PmiWPLRec,100,10,1.3,15,0.058823529411764705,0.05828087980585263
299,PmiWPLRec,100,10,1.3,20,0.058823529411764705,0.05828087980585263
300,PmiWPLRec,100,100,0.7,5,0.0,0.0
301,PmiWPLRec,100,100,0.7,10,0.0,0.0
302,PmiWPLRec,100,100,0.7,15,0.0,0.0
303,PmiWPLRec,100,100,0.7,20,0.058823529411764705,0.04653434507414307
304,PmiWPLRec,100,100,0.8,5,0.0,0.0
305,PmiWPLRec,100,100,0.8,10,0.0,0.0
306,PmiWPLRec,100,100,0.8,15,0.0,0.0
307,PmiWPLRec,100,100,0.8,20,0.029411764705882353,0.02325095684684751
308,PmiWPLRec,100,100,0.9,5,0.0,0.0
309,PmiWPLRec,100,100,0.9,10,0.0,0.0
310,PmiWPLRec,100,100,0.9,15,0.0,0.0
311,PmiWPLRec,100,100,0.9,20,0.0,0.0
312,PmiWPLRec,100,100,1.0,5,0.0,0.0
313,PmiWPLRec,100,100,1.0,10,0.0,0.0
314,PmiWPLRec,100,100,1.0,15,0.0,0.0
315,PmiWPLRec,100,100,1.0,20,0.0,0.0
316,PmiWPLRec,100,100,1.1,5,0.0,0.0
317,PmiWPLRec,100,100,1.1,10,0.0,0.0
318,PmiWPLRec,100,100,1.1,15,0.0,0.0
319,PmiWPLRec,100,100,1.1,20,0.0,0.0
320,PmiWPLRec,100,100,1.2,5,0.0,0.0
321,PmiWPLRec,100,100,1.2,10,0.0,0.0
322,PmiWPLRec,100,100,1.2,15,0.029411764705882353,0.02572095664576762
323,PmiWPLRec,100,100,1.2,20,0.029411764705882353,0.02572095664576762
324,PmiWPLRec,100,100,1.3,5,0.0,0.0
325,PmiWPLRec,100,100,1.3,10,0.0,0.0
326,PmiWPLRec,100,100,1.3,15,0.029411764705882353,0.02572095664576762
327,PmiWPLRec,100,100,1.3,20,0.058823529411764705,0.048599303986573084
328,ALS,50,0,1.0,5,0.08823529411764706,0.21413492250345692
329,ALS,50,0,1.0,10,0.11764705882352941,0.24763124371325823
330,ALS,50,0,1.0,15,0.11764705882352941,0.24763124371325823
331,ALS,50,0,1.0,20,0.11764705882352941,0.24763124371325823
332,ALS,50,1,1.0,5,0.058823529411764705,0.11364595887405296
333,ALS,50,1,1.0,10,0.08823529411764706,0.14944084994388326
334,ALS,50,1,1.0,15,0.11764705882352941,0.17659680201540745
335,ALS,50,1,1.0,20,0.11764705882352941,0.17659680201540745
336,ALS,50,10,1.0,5,0.058823529411764705,0.10227591473547565
337,ALS,50,10,1.0,10,0.058823529411764705,0.10227591473547565
338,ALS,50,10,1.0,15,0.08823529411764706,0.12866929430910806
339,ALS,50,10,1.0,20,0.08823529411764706,0.12866929430910806
340,ALS,50,100,1.0,5,0.0,0.0
341,ALS,50,100,1.0,10,0.029411764705882353,0.030250192285637433
342,ALS,50,100,1.0,15,0.029411764705882353,0.030250192285637433
343,ALS,50,100,1.0,20,0.058823529411764705,0.05390619001897504
344,ALS,100,0,1.0,5,0.058823529411764705,0.08911891949082663
345,ALS,100,0,1.0,10,0.058823529411764705,0.08911891949082663
346,ALS,100,0,1.0,15,0.058823529411764705,0.08911891949082663
347,ALS,100,0,1.0,20,0.058823529411764705,0.08911891949082663
348,ALS,100,1,1.0,5,0.029411764705882353,0.050244481814701966
349,ALS,100,1,1.0,10,0.058823529411764705,0.08603937288453228
350,ALS,100,1,1.0,15,0.058823529411764705,0.08603937288453228
351,ALS,100,1,1.0,20,0.058823529411764705,0.08603937288453228
352,ALS,100,10,1.0,5,0.0,0.0
353,ALS,100,10,1.0,10,0.029411764705882353,0.03349632120980131
354,ALS,100,10,1.0,15,0.058823529411764705,0.06065227328132549
355,ALS,100,10,1.0,20,0.058823529411764705,0.06065227328132549
356,ALS,100,100,1.0,5,0.0,0.0
357,ALS,100,100,1.0,10,0.0,0.0
358,ALS,100,100,1.0,15,0.0,0.0
359,ALS,100,100,1.0,20,0.0,0.0
