,model,rank,alpha,root,topK,NDCG-CI@10,NDCG-CI@15,NDCG-CI@20,NDCG-CI@5,NDCG@10,NDCG@15,NDCG@20,NDCG@5,R-Precision@10,R-Precision@15,R-Precision@20,R-Precision@5,RP-CI@10,RP-CI@15,RP-CI@20,RP-CI@5
0,PmiPLRec,100,1,0.7,,0.00074,0.0008,0.00084,0.0006,0.10303,0.12777,0.14659,0.06822,0.09829,0.13825,0.17125,0.05066,0.0008,0.00098,0.00109,0.00051
1,PmiPLRec,100,1,0.8,,0.00075,0.00082,0.00086,0.0006,0.10404,0.13014,0.15011,0.06779,0.10045,0.14284,0.17815,0.05053,0.00083,0.00102,0.00115,0.00051
2,PmiPLRec,100,1,0.9,,0.00075,0.00084,0.00089,0.00059,0.10266,0.13068,0.15246,0.06638,0.09879,0.14497,0.18402,0.04882,0.00083,0.00107,0.00122,0.0005
3,PmiPLRec,100,1,1.0,,0.00074,0.00084,0.00089,0.00058,0.09833,0.1251,0.14654,0.06417,0.09323,0.13732,0.17589,0.04653,0.00081,0.00105,0.00121,0.00048
4,PmiPLRec,100,1,1.1,,0.00065,0.00073,0.00079,0.00053,0.0849,0.1057,0.12289,0.05828,0.07319,0.10503,0.13423,0.0394,0.00062,0.00079,0.00093,0.0004
5,PmiPLRec,100,1,1.2,,0.00057,0.00063,0.00068,0.00047,0.07226,0.08836,0.10165,0.05029,0.05856,0.08173,0.10295,0.0322,0.00049,0.00061,0.00071,0.00033
6,PmiPLRec,100,1,1.3,,0.00052,0.00058,0.00062,0.00044,0.0644,0.07819,0.08939,0.04526,0.05079,0.07018,0.08759,0.02832,0.00044,0.00055,0.00063,0.0003
7,PLRec,100,1,1.0,,0.00072,0.00078,0.00082,0.00061,0.09757,0.11948,0.13636,0.0661,0.09137,0.12608,0.15527,0.04885,0.00076,0.00091,0.00102,0.00052
8,PureSVD,100,1,1.0,,0.00072,0.00078,0.00081,0.0006,0.09753,0.11941,0.13611,0.06613,0.09107,0.12567,0.15447,0.04875,0.00076,0.00091,0.00101,0.00051
9,WPLRec,100,0,1.0,,0.00072,0.00078,0.00082,0.00061,0.09757,0.11948,0.13636,0.0661,0.09137,0.12608,0.15527,0.04885,0.00076,0.00091,0.00102,0.00052
10,WPLRec,100,1,1.0,,0.00075,0.00081,0.00085,0.00062,0.0979,0.12024,0.1373,0.06618,0.09345,0.12936,0.15925,0.04999,0.0008,0.00096,0.00108,0.00054
11,WPLRec,100,10,1.0,,0.00076,0.00082,0.00086,0.00063,0.0933,0.11307,0.12828,0.06457,0.08905,0.12126,0.1483,0.0493,0.00079,0.00095,0.00107,0.00054
12,PmiWPLRec,100,0,0.7,,0.00074,0.0008,0.00084,0.0006,0.10303,0.12777,0.14659,0.06822,0.09829,0.13825,0.17125,0.05066,0.0008,0.00098,0.00109,0.00051
13,PmiWPLRec,100,0,0.8,,0.00075,0.00082,0.00086,0.0006,0.10404,0.13014,0.15011,0.06779,0.10045,0.14284,0.17815,0.05053,0.00083,0.00102,0.00115,0.00051
14,PmiWPLRec,100,0,0.9,,0.00075,0.00084,0.00089,0.00059,0.10266,0.13068,0.15246,0.06638,0.09879,0.14497,0.18402,0.04882,0.00083,0.00107,0.00122,0.0005
15,PmiWPLRec,100,0,1.0,,0.00074,0.00084,0.00089,0.00058,0.09833,0.1251,0.14654,0.06417,0.09323,0.13732,0.17589,0.04653,0.00081,0.00105,0.00121,0.00048
16,PmiWPLRec,100,0,1.1,,0.00065,0.00073,0.00079,0.00053,0.0849,0.1057,0.12289,0.05828,0.07319,0.10503,0.13423,0.0394,0.00062,0.00079,0.00093,0.0004
17,PmiWPLRec,100,0,1.2,,0.00057,0.00063,0.00068,0.00047,0.07226,0.08836,0.10165,0.05029,0.05856,0.08173,0.10295,0.0322,0.00049,0.00061,0.00071,0.00033
18,PmiWPLRec,100,0,1.3,,0.00052,0.00058,0.00062,0.00044,0.0644,0.07819,0.08939,0.04526,0.05079,0.07018,0.08759,0.02832,0.00044,0.00055,0.00063,0.0003
19,PmiWPLRec,100,1,0.7,,0.00076,0.00084,0.00089,0.00061,0.10088,0.12626,0.14598,0.06639,0.09807,0.13988,0.17533,0.05011,0.00084,0.00104,0.00118,0.00052
20,PmiWPLRec,100,1,0.8,,0.00075,0.00084,0.00089,0.0006,0.1003,0.12702,0.1481,0.06507,0.09828,0.14255,0.18063,0.0492,0.00085,0.00107,0.00122,0.00052
21,PmiWPLRec,100,1,0.9,,0.00074,0.00084,0.0009,0.00058,0.09765,0.12511,0.14717,0.06304,0.0949,0.14056,0.18073,0.04685,0.00082,0.00107,0.00124,0.00049
22,PmiWPLRec,100,1,1.0,,0.00073,0.00083,0.00088,0.00057,0.09247,0.11855,0.13924,0.06029,0.08863,0.1322,0.16973,0.0442,0.00079,0.00105,0.00121,0.00047
23,PmiWPLRec,100,1,1.1,,0.00063,0.0007,0.00076,0.00051,0.0786,0.09828,0.11466,0.05367,0.0685,0.09892,0.12692,0.03662,0.0006,0.00077,0.00091,0.0004
24,PmiWPLRec,100,1,1.2,,0.00054,0.0006,0.00065,0.00045,0.0668,0.08182,0.09423,0.04646,0.05447,0.07618,0.09609,0.02999,0.00048,0.00059,0.00069,0.00032
25,PmiWPLRec,100,1,1.3,,0.0005,0.00055,0.00059,0.00042,0.05839,0.07125,0.08197,0.04098,0.04632,0.06448,0.08138,0.02581,0.00042,0.00053,0.00061,0.00029
26,PmiWPLRec,100,10,0.7,,0.00075,0.00083,0.00088,0.00061,0.09468,0.11713,0.13465,0.06355,0.09235,0.12967,0.16155,0.04869,0.00081,0.00101,0.00114,0.00052
27,PmiWPLRec,100,10,0.8,,0.00075,0.00083,0.00089,0.00059,0.09416,0.11836,0.13722,0.06181,0.09317,0.13376,0.16824,0.04747,0.00083,0.00105,0.0012,0.00052
28,PmiWPLRec,100,10,0.9,,0.00073,0.00082,0.00088,0.00057,0.09124,0.11596,0.13613,0.0593,0.08995,0.13144,0.16866,0.04495,0.00081,0.00104,0.00121,0.00049
29,PmiWPLRec,100,10,1.0,,0.0007,0.0008,0.00086,0.00055,0.08429,0.10811,0.12731,0.0548,0.08234,0.12267,0.15798,0.04099,0.00077,0.00102,0.00119,0.00047
30,PmiWPLRec,100,10,1.1,,0.00058,0.00065,0.00071,0.00048,0.06785,0.08548,0.10021,0.04581,0.06017,0.08786,0.11347,0.03164,0.00057,0.00073,0.00087,0.00037
31,PmiWPLRec,100,10,1.2,,0.0005,0.00055,0.00059,0.00041,0.05648,0.06955,0.0803,0.03919,0.04644,0.06546,0.08278,0.0255,0.00044,0.00055,0.00064,0.0003
32,PmiWPLRec,100,10,1.3,,0.00043,0.00048,0.00052,0.00036,0.0457,0.05616,0.06484,0.03171,0.03664,0.0515,0.06517,0.02012,0.00038,0.00047,0.00055,0.00026
33,ALS,100,0,1.0,,0.00072,0.00078,0.00082,0.0006,0.09759,0.11957,0.13631,0.06612,0.09125,0.12603,0.15489,0.04876,0.00076,0.00091,0.00101,0.00052
34,ALS,100,1,1.0,,0.00075,0.00083,0.00087,0.00061,0.10199,0.12706,0.14647,0.06812,0.09704,0.13818,0.17285,0.05036,0.00082,0.00103,0.00116,0.00052
35,ALS,100,10,1.0,,0.00074,0.00083,0.00088,0.00059,0.09745,0.1218,0.14132,0.06493,0.09312,0.13353,0.16906,0.04799,0.00081,0.00104,0.00119,0.0005
